#! FIELDS time cv d_nd_h d_na_h d_nn
 0.000000 3.173849 0.985403 4.159251 3.683816
 1.000000 3.149141 1.015950 4.165091 3.681890
 2.000000 2.385287 1.059322 3.444610 3.045543
 3.000000 0.128834 1.267964 1.396798 2.320896
 4.000000 3.346463 1.015557 4.362020 3.741770
 5.000000 2.867182 1.010256 3.877437 3.561566
 6.000000 3.063359 0.971787 4.035147 3.587073
 7.000000 -1.029578 2.015714 0.986136 2.643238
 8.000000 -0.908420 1.949684 1.041264 2.565485
 9.000000 -1.047144 2.013068 0.965925 2.585721
 10.000000 -1.692829 2.709470 1.016641 2.916952
 11.000000 -1.287171 2.244379 0.957208 2.710190
 12.000000 -1.174823 2.169645 0.994822 2.610883
 13.000000 -1.266686 2.296823 1.030137 2.661794
 14.000000 -0.581527 1.690844 1.109317 2.479163
 15.000000 0.035933 1.303760 1.339692 2.323351
 16.000000 -1.724498 2.744890 1.020391 3.034114
 17.000000 -0.923731 1.992860 1.069129 2.543539
 18.000000 1.997781 0.994084 2.991865 3.016818
 19.000000 1.334272 1.048727 2.382999 2.739180
 20.000000 0.892811 1.038319 1.931129 2.518231
 21.000000 0.809160 1.045501 1.854662 2.487979
 22.000000 -1.487057 2.504800 1.017743 2.828680
 23.000000 -1.412072 2.421392 1.009320 2.779001
 24.000000 -1.431989 2.483243 1.051254 2.812354
 25.000000 -1.043249 2.109677 1.066428 2.639354
 26.000000 -1.164896 2.203922 1.039026 2.732439
 27.000000 2.391104 0.988970 3.380074 3.366757
 28.000000 1.281863 1.057549 2.339412 2.689967
 29.000000 1.035034 1.050837 2.085871 2.605063
 30.000000 -1.311795 2.339105 1.027311 2.761819
 31.000000 -0.368267 1.540741 1.172473 2.401614
 32.000000 -2.012109 3.007114 0.995005 3.086108
 33.000000 -1.056511 2.065396 1.008885 2.658387
 34.000000 1.063087 1.058129 2.121216 2.513164
 35.000000 1.449228 1.049568 2.498796 2.681251
 36.000000 0.165938 1.196476 1.362414 2.324295
 37.000000 1.608233 1.026153 2.634387 2.884957
 38.000000 2.291192 1.019088 3.310280 3.037231
 39.000000 -0.759057 1.829199 1.070142 2.438447
 40.000000 0.833648 1.004594 1.838242 2.483893
 41.000000 0.677019 1.071283 1.748302 2.510084
 42.000000 1.325853 1.000165 2.326017 2.644371
 43.000000 -0.005615 1.300465 1.294850 2.330611
 44.000000 1.049324 1.023225 2.072549 2.632877
 45.000000 -0.695954 1.752028 1.056073 2.517779
 46.000000 1.103513 1.007290 2.110803 2.574362
 47.000000 1.346585 0.994655 2.341240 2.720696
 48.000000 1.758093 0.992040 2.750133 2.939541
 49.000000 0.582845 1.070330 1.653175 2.439118
 50.000000 1.778119 1.010913 2.789032 2.932350
 51.000000 0.793748 1.075361 1.869109 2.561559
 52.000000 0.297833 1.175028 1.472861 2.343469
 53.000000 -0.039168 1.363545 1.324376 2.350059
 54.000000 -0.261999 1.493430 1.231431 2.389006
 55.000000 2.071423 0.974878 3.046301 3.149583
 56.000000 2.990306 1.020639 4.010945 3.618042
 57.000000 3.718152 0.983858 4.702010 3.985842
 58.000000 3.737707 0.990761 4.728468 3.936373
 59.000000 3.725936 0.979260 4.705196 3.982796
 60.000000 3.705361 0.969644 4.675005 3.915548
 61.000000 3.709162 1.018970 4.728132 3.947591
 62.000000 3.796579 0.952148 4.748727 4.034601
 63.000000 3.691874 0.997333 4.689207 3.965436
 64.000000 -2.161728 3.131090 0.969362 3.157549
 65.000000 -2.095605 3.052177 0.956573 3.197911
 66.000000 -1.238386 2.213756 0.975370 2.711716
 67.000000 2.884930 1.026806 3.911736 3.537474
 68.000000 3.705588 0.991899 4.697487 3.970695
 69.000000 3.685393 0.982844 4.668237 3.903510
 70.000000 2.957530 1.027799 3.985328 3.642203
 71.000000 3.557569 0.947735 4.505304 3.853620
 72.000000 2.769751 1.039817 3.809568 3.537115
 73.000000 2.924864 1.012764 3.937628 3.616745
 74.000000 1.533539 1.040499 2.574039 2.766467
 75.000000 1.471702 1.003340 2.475043 2.786449
 76.000000 -1.489461 2.475497 0.986037 2.926979
 77.000000 -0.455105 1.581967 1.126862 2.408988
 78.000000 -0.908939 1.913514 1.004575 2.553108
 79.000000 -1.945234 2.926038 0.980805 3.097056
 80.000000 0.730123 1.028211 1.758334 2.488816
 81.000000 1.946068 1.044826 2.990894 3.051476
 82.000000 -0.588630 1.755363 1.166733 2.546613
 83.000000 0.220950 1.202552 1.423502 2.367736
 84.000000 -0.114750 1.388061 1.273311 2.366738
 85.000000 -0.277897 1.427087 1.149190 2.350375
 86.000000 1.821535 1.015265 2.836800 3.070322
 87.000000 0.358556 1.242651 1.601207 2.398663
 88.000000 2.150502 1.025048 3.175550 3.138644
 89.000000 -1.609922 2.646134 1.036212 2.925955
 90.000000 2.375897 0.973762 3.349660 3.347556
 91.000000 1.119456 1.010121 2.129577 2.586463
 92.000000 -1.372013 2.349640 0.977627 2.757607
 93.000000 0.161159 1.241453 1.402612 2.380511
 94.000000 -0.448747 1.544708 1.095961 2.369252
 95.000000 2.549133 1.028243 3.577376 3.411041
 96.000000 -2.157345 3.130203 0.972858 3.182592
 97.000000 3.049957 1.002230 4.052187 3.657553
 98.000000 1.652832 1.017642 2.670474 2.777762
 99.000000 -0.146209 1.382628 1.236419 2.325843
 100.000000 3.450372 0.984351 4.434723 3.777952
 101.000000 3.704968 0.988298 4.693267 3.974995
 102.000000 2.922669 1.035379 3.958049 3.618537
 103.000000 3.299098 1.012268 4.311366 3.756370
 104.000000 3.177614 1.021151 4.198765 3.741503
 105.000000 0.337156 1.175227 1.512383 2.373447
 106.000000 1.077299 0.986294 2.063593 2.548939
 107.000000 0.472438 1.098884 1.571322 2.351097
 108.000000 -1.820657 2.803105 0.982449 3.049431
 109.000000 0.971323 1.037078 2.008401 2.492701
 110.000000 2.573875 1.032006 3.605881 3.435956
 111.000000 2.648130 0.992864 3.640994 3.461204
 112.000000 3.008135 0.969350 3.977485 3.578929
 113.000000 3.066822 1.036423 4.103244 3.679456
 114.000000 3.118799 0.974110 4.092908 3.646710
 115.000000 3.325863 0.991793 4.317656 3.767347
 116.000000 3.625650 0.979285 4.604935 3.933415
 117.000000 2.391075 0.993383 3.384458 3.268849
 118.000000 2.010491 0.995869 3.006360 3.107055
 119.000000 -1.173558 2.209537 1.035979 2.726490
 120.000000 -0.303404 1.444913 1.141509 2.350827
 121.000000 2.971470 1.020653 3.992123 3.678699
 122.000000 2.553028 1.075409 3.628437 3.530623
 123.000000 3.442700 1.045298 4.487998 3.825038
 124.000000 2.613916 0.983951 3.597867 3.463159
 125.000000 1.427011 1.029201 2.456212 2.735091
 126.000000 -1.514276 2.545566 1.031290 2.910896
 127.000000 -1.210029 2.284018 1.073989 2.667355
 128.000000 0.708835 1.106272 1.815108 2.508530
 129.000000 -2.032624 3.029941 0.997317 3.132935
 130.000000 2.470515 1.010600 3.481116 3.401007
 131.000000 -0.820276 1.825301 1.005025 2.483277
 132.000000 -1.894352 2.862962 0.968610 3.100229
 133.000000 0.331918 1.138369 1.470287 2.387862
 134.000000 0.348064 1.141863 1.489927 2.370661
 135.000000 -0.495852 1.574507 1.078654 2.365655
 136.000000 0.237045 1.205283 1.442327 2.360348
 137.000000 0.265890 1.188111 1.454001 2.336863
 138.000000 1.202789 1.040383 2.243172 2.600070
 139.000000 -0.647926 1.711202 1.063276 2.435312
 140.000000 -0.591089 1.679013 1.087923 2.449919
 141.000000 0.577895 1.038766 1.616661 2.407546
 142.000000 -1.339729 2.329653 0.989924 2.712278
 143.000000 -1.273095 2.337658 1.064564 2.720975
 144.000000 2.643516 1.019525 3.663041 3.476371
 145.000000 2.266870 0.998059 3.264929 3.267637
 146.000000 1.072676 1.026473 2.099149 2.585148
 147.000000 2.371374 0.968917 3.340291 3.283394
 148.000000 2.509833 0.996184 3.506017 3.396372
 149.000000 3.740854 0.973909 4.714764 4.001611
 150.000000 0.824874 0.977086 1.801961 2.425080
 151.000000 1.745158 1.025772 2.770930 2.862517
 152.000000 -1.941859 2.903911 0.962053 3.040794
 153.000000 -1.441425 2.422838 0.981412 2.851536
 154.000000 1.743575 0.988940 2.732515 2.960754
 155.000000 1.391890 1.021394 2.413284 2.739682
 156.000000 1.071820 1.034632 2.106452 2.601204
 157.000000 -0.052493 1.329158 1.276665 2.300888
 158.000000 -1.581935 2.621107 1.039171 3.002634
 159.000000 1.317966 1.036898 2.354865 2.752625
 160.000000 0.375048 1.128675 1.503722 2.348423
 161.000000 -1.927484 2.902299 0.974815 3.023177
 162.000000 -1.531566 2.550996 1.019430 2.909504
 163.000000 -0.532594 1.632724 1.100131 2.435084
 164.000000 1.861573 0.980561 2.842134 2.925539
 165.000000 2.288048 0.983737 3.271785 3.227201
 166.000000 2.447209 1.022185 3.469393 3.376775
 167.000000 2.173560 0.989437 3.162997 3.055876
 168.000000 -1.420239 2.390238 0.969999 2.773525
 169.000000 -1.495417 2.502384 1.006967 2.884518
 170.000000 -1.912481 2.882323 0.969842 3.011109
 171.000000 1.190051 1.020526 2.210577 2.616972
 172.000000 1.972804 1.021107 2.993911 3.015404
 173.000000 -0.452175 1.559885 1.107710 2.398064
 174.000000 -1.339861 2.332752 0.992891 2.717613
 175.000000 -1.808189 2.793492 0.985302 2.916642
 176.000000 -1.538055 2.564768 1.026713 2.907454
 177.000000 1.718282 1.010462 2.728745 2.858342
 178.000000 2.350282 1.011496 3.361778 3.319411
 179.000000 -0.660246 1.702906 1.042660 2.432447
 180.000000 0.688332 1.032049 1.720380 2.346033
 181.000000 3.001854 1.037898 4.039752 3.577783
 182.000000 2.645023 0.990694 3.635717 3.416586
 183.000000 -0.604923 1.674705 1.069781 2.377611
 184.000000 0.207034 1.191614 1.398648 2.367777
 185.000000 1.887885 1.015547 2.903432 2.989505
 186.000000 2.160480 0.993603 3.154083 3.185138
 187.000000 -0.032202 1.298007 1.265806 2.319222
 188.000000 1.060483 1.010347 2.070830 2.551909
 189.000000 -0.724982 1.807520 1.082538 2.488371
 190.000000 -1.727541 2.713298 0.985758 2.989528
 191.000000 0.113981 1.303618 1.417599 2.435679
 192.000000 1.897738 0.987056 2.884795 2.973459
 193.000000 0.377925 1.156236 1.534161 2.388217
 194.000000 0.375553 1.162552 1.538105 2.328270
 195.000000 -1.937567 2.911317 0.973751 3.135240
 196.000000 3.004626 0.984030 3.988656 3.599884
 197.000000 0.431051 1.096283 1.527334 2.332274
 198.000000 -2.185720 3.194700 1.008980 3.230598
 199.000000 1.542463 0.973982 2.516445 2.742662
 200.000000 -1.934241 2.925279 0.991038 3.035629
 201.000000 1.574110 1.005455 2.579565 2.818755
 202.000000 3.322049 1.028410 4.350458 3.833702
 203.000000 2.211990 1.021765 3.233755 3.139078
 204.000000 -2.019000 3.014994 0.995994 3.179386
 205.000000 -0.842801 1.865606 1.022806 2.565819
 206.000000 -2.212393 3.184447 0.972054 3.159381
 207.000000 -0.945394 1.957292 1.011897 2.544913
 208.000000 2.107479 1.004272 3.111751 3.095870
 209.000000 2.194046 1.028519 3.222565 3.130657
 210.000000 1.733184 0.974611 2.707795 2.887662
 211.000000 2.089530 1.038836 3.128366 3.084715
 212.000000 1.689676 0.995252 2.684928 2.945131
 213.000000 -1.947927 2.941453 0.993527 3.063085
 214.000000 2.655828 1.037132 3.692960 3.502889
 215.000000 3.234289 1.018892 4.253180 3.666128
 216.000000 2.841722 0.989949 3.831670 3.601813
 217.000000 3.402002 0.991462 4.393464 3.757988
 218.000000 1.218789 0.982069 2.200857 2.614699
 219.000000 -1.084636 2.157147 1.072510 2.685236
 220.000000 -0.114050 1.372340 1.258291 2.401271
 221.000000 3.269706 1.027194 4.296900 3.686813
 222.000000 2.899657 0.995920 3.895576 3.524407
 223.000000 3.487677 0.984624 4.472302 3.849049
 224.000000 2.343726 0.948107 3.291833 3.220427
 225.000000 0.242725 1.167393 1.410118 2.361146
 226.000000 3.209456 1.017783 4.227239 3.761728
 227.000000 2.311592 0.998632 3.310224 3.031580
 228.000000 2.210535 0.997778 3.208313 3.115154
 229.000000 0.145128 1.226409 1.371537 2.341952
 230.000000 -0.944059 2.001075 1.057016 2.607462
 231.000000 -0.980489 2.073756 1.093267 2.582350
 232.000000 1.079159 1.035015 2.114174 2.481063
 233.000000 -1.590125 2.605711 1.015586 2.863869
 234.000000 -1.639744 2.674654 1.034910 2.869899
 235.000000 2.571614 1.066484 3.638098 3.464882
 236.000000 0.634323 1.112315 1.746638 2.408230
 237.000000 -1.660349 2.620399 0.960051 2.939602
 238.000000 1.609061 1.008207 2.617268 2.784216
 239.000000 0.739721 1.074699 1.814420 2.489936
 240.000000 1.069327 1.043261 2.112588 2.576811
 241.000000 0.825701 1.020878 1.846579 2.461088
 242.000000 0.900639 1.064847 1.965486 2.532318
 243.000000 0.993921 1.045716 2.039637 2.545179
 244.000000 -0.090686 1.352031 1.261345 2.329891
 245.000000 -0.979192 1.975880 0.996689 2.565999
 246.000000 1.145928 1.014217 2.160146 2.606187
 247.000000 -0.435763 1.552222 1.116459 2.377550
 248.000000 0.535424 1.059430 1.594854 2.341427
 249.000000 -1.394098 2.413761 1.019662 2.843281
 250.000000 3.359454 0.988737 4.348191 3.785574
 251.000000 3.732501 0.998253 4.730754 3.939838
 252.000000 -0.553549 1.615560 1.062011 2.365896
 253.000000 -2.106406 3.104044 0.997638 3.092852
 254.000000 -0.199948 1.409291 1.209343 2.314983
 255.000000 0.472821 1.166236 1.639057 2.393877
 256.000000 -1.696679 2.700949 1.004270 2.943256
 257.000000 -1.856988 2.878573 1.021585 3.118619
 258.000000 1.696100 1.028712 2.724812 2.879466
 259.000000 -1.750955 2.740432 0.989477 2.944195
 260.000000 -1.067628 2.100336 1.032708 2.638013
 261.000000 0.130292 1.256287 1.386580 2.424966
 262.000000 -0.127251 1.379711 1.252460 2.350155
 263.000000 -0.225526 1.444289 1.218763 2.391982
 264.000000 0.604562 1.101138 1.705701 2.551728
 265.000000 1.587552 1.012961 2.600512 2.860861
 266.000000 2.561636 1.002028 3.563664 3.317873
 267.000000 2.138785 0.984552 3.123338 3.162783
 268.000000 0.540305 1.110286 1.650591 2.360151
 269.000000 2.527779 0.988473 3.516252 3.380217
 270.000000 0.008939 1.333853 1.342792 2.398396
 271.000000 -1.934726 2.963926 1.029200 3.178524
 272.000000 -1.174589 2.166184 0.991595 2.635796
 273.000000 -0.394795 1.490224 1.095429 2.287380
 274.000000 -1.117351 2.123443 1.006092 2.634342
 275.000000 -1.463076 2.447366 0.984289 2.804137
 276.000000 -0.594607 1.702210 1.107603 2.455318
 277.000000 -1.341415 2.349117 1.007702 2.751352
 278.000000 1.568673 0.985908 2.554581 2.755306
 279.000000 1.255032 1.051434 2.306466 2.667604
 280.000000 1.474331 1.021290 2.495621 2.768432
 281.000000 0.444794 1.102912 1.547705 2.381279
 282.000000 -0.143141 1.432744 1.289603 2.434281
 283.000000 -0.767090 1.804664 1.037574 2.494938
 284.000000 0.826913 1.026314 1.853227 2.474114
 285.000000 1.876933 0.974159 2.851093 3.006839
 286.000000 3.399859 0.992751 4.392610 3.765110
 287.000000 3.345974 0.998595 4.344569 3.758010
 288.000000 3.348989 0.988714 4.337703 3.790903
 289.000000 3.250357 1.008429 4.258785 3.751611
 290.000000 -0.428785 1.574760 1.145975 2.437224
 291.000000 -1.667098 2.644759 0.977660 2.885601
 292.000000 -1.511323 2.545417 1.034093 2.842555
 293.000000 1.261505 1.060165 2.321670 2.827427
 294.000000 0.312925 1.154374 1.467299 2.328703
 295.000000 3.171905 1.047160 4.219065 3.741079
 296.000000 2.743942 0.999482 3.743424 3.514138
 297.000000 2.744478 1.044252 3.788730 3.588259
 298.000000 3.168193 0.995805 4.163998 3.675961
 299.000000 1.243030 1.018345 2.261375 2.592398
 300.000000 -1.440147 2.438683 0.998536 2.805169
 301.000000 -1.397069 2.416896 1.019827 2.877189
 302.000000 -1.137132 2.177303 1.040171 2.702471
 303.000000 -1.801136 2.819495 1.018359 3.046720
 304.000000 0.841846 1.100515 1.942362 2.483513
 305.000000 -1.319690 2.337470 1.017780 2.820126
 306.000000 0.729618 1.116018 1.845636 2.532592
 307.000000 2.290266 0.998657 3.288923 3.242622
 308.000000 -0.384363 1.510793 1.126430 2.339254
 309.000000 0.093581 1.272895 1.366476 2.370668
 310.000000 -0.741502 1.790745 1.049243 2.459966
 311.000000 -2.160216 3.150605 0.990390 3.119114
 312.000000 0.952753 1.050275 2.003028 2.470284
 313.000000 0.569165 1.109178 1.678343 2.459798
 314.000000 2.698037 1.013979 3.712017 3.566026
 315.000000 -1.119522 2.125066 1.005544 2.658733
 316.000000 0.566295 1.093710 1.660005 2.412697
 317.000000 -0.218473 1.428088 1.209615 2.399771
 318.000000 1.526655 0.964876 2.491532 2.774702
 319.000000 1.157716 0.999058 2.156774 2.574101
 320.000000 -0.911680 1.966917 1.055237 2.538091
 321.000000 0.772775 1.078115 1.850890 2.480797
 322.000000 2.537319 1.042847 3.580165 3.472162
 323.000000 2.624346 1.006617 3.630963 3.453423
 324.000000 -1.792562 2.804218 1.011656 3.027044
 325.000000 0.122274 1.236343 1.358617 2.352561
 326.000000 -1.198325 2.187435 0.989110 2.678070
 327.000000 -0.722758 1.774882 1.052124 2.460706
 328.000000 -0.782143 1.872910 1.090767 2.512903
 329.000000 -2.150873 3.109289 0.958416 3.209430
 330.000000 -1.076615 2.158320 1.081705 2.623987
 331.000000 2.015019 0.965572 2.980591 3.048497
 332.000000 -0.142026 1.396070 1.254044 2.343449
 333.000000 2.398243 0.994050 3.392293 3.330885
 334.000000 -1.389960 2.414542 1.024582 2.824576
 335.000000 -0.872135 1.933764 1.061629 2.617243
 336.000000 0.712286 1.099945 1.812232 2.561529
 337.000000 -1.391749 2.427927 1.036179 2.819623
 338.000000 -0.027268 1.323877 1.296608 2.355516
 339.000000 0.955069 1.053548 2.008616 2.604783
 340.000000 -0.718309 1.810626 1.092318 2.405691
 341.000000 0.033365 1.256200 1.289565 2.342191
 342.000000 1.512366 1.008043 2.520409 2.767987
 343.000000 -0.368522 1.500601 1.132079 2.301251
 344.000000 -0.386377 1.519660 1.133283 2.418633
 345.000000 1.022030 1.001938 2.023968 2.511105
 346.000000 2.013966 0.996537 3.010503 3.047990
 347.000000 1.045868 1.022835 2.068703 2.543743
 348.000000 2.836345 1.006402 3.842748 3.569573
 349.000000 2.785842 1.060667 3.846509 3.511086
 350.000000 0.937142 1.041674 1.978816 2.490374
 351.000000 -1.898330 2.960799 1.062469 3.102213
 352.000000 -2.155432 3.096811 0.941379 3.121141
 353.000000 -0.627436 1.699413 1.071977 2.438022
 354.000000 -1.214559 2.256598 1.042039 2.780845
 355.000000 1.122246 1.026203 2.148449 2.626701
 356.000000 3.105403 1.048633 4.154035 3.681946
 357.000000 2.563970 0.996888 3.560858 3.468773
 358.000000 3.184492 0.982758 4.167250 3.752070
 359.000000 2.956831 1.015229 3.972060 3.611030
 360.000000 3.409558 0.958871 4.368429 3.773940
 361.000000 3.115214 1.033931 4.149146 3.641933
 362.000000 2.856394 1.003364 3.859757 3.553962
 363.000000 0.676334 1.085093 1.761428 2.478427
 364.000000 -2.007916 2.986519 0.978602 3.127005
 365.000000 -1.225532 2.248436 1.022905 2.737805
 366.000000 0.926734 1.073073 1.999807 2.523505
 367.000000 1.487706 1.017995 2.505702 2.812474
 368.000000 -0.518050 1.640542 1.122492 2.508426
 369.000000 1.660028 1.005964 2.665993 2.919149
 370.000000 -0.454171 1.572945 1.118774 2.434471
 371.000000 2.478387 1.045665 3.524051 3.396972
 372.000000 2.943384 1.032925 3.976309 3.629072
 373.000000 3.088442 0.995967 4.084409 3.680845
 374.000000 3.604207 0.975428 4.579636 3.833063
 375.000000 2.650656 0.998990 3.649646 3.505156
 376.000000 3.278281 1.013428 4.291709 3.741502
 377.000000 2.750015 0.981536 3.731551 3.459615
 378.000000 2.759429 0.992656 3.752085 3.502908
 379.000000 3.442352 1.031254 4.473605 3.827081
 380.000000 3.562038 0.967052 4.529090 3.871555
 381.000000 2.706024 1.010491 3.716515 3.514228
 382.000000 2.737036 0.995878 3.732914 3.576835
 383.000000 3.483566 1.004900 4.488466 3.839101
 384.000000 3.604797 0.999949 4.604746 3.901366
 385.000000 3.544171 1.049978 4.594150 3.812826
 386.000000 -1.211825 2.247958 1.036132 2.714926
 387.000000 -0.865443 1.915751 1.050308 2.555023
 388.000000 1.132440 1.023984 2.156424 2.620701
 389.000000 0.918746 1.082786 2.001532 2.606303
 390.000000 -2.050372 3.025623 0.975251 3.134365
 391.000000 2.172865 1.006766 3.179632 3.046318
 392.000000 0.716870 1.076324 1.793194 2.485374
 393.000000 2.833440 1.060196 3.893636 3.622156
 394.000000 3.448859 1.032400 4.481259 3.772759
 395.000000 1.325220 1.009986 2.335206 2.729046
 396.000000 -0.716071 1.787406 1.071334 2.461913
 397.000000 -1.175692 2.165661 0.989968 2.673957
 398.000000 0.284849 1.209929 1.494777 2.421731
 399.000000 1.965145 0.987629 2.952775 2.998595
 400.000000 2.705026 0.976753 3.681779 3.422739
 401.000000 3.557687 0.960759 4.518446 3.877236
 402.000000 3.026810 1.012667 4.039476 3.645416
 403.000000 -1.755826 2.745903 0.990077 3.012715
 404.000000 0.337479 1.116624 1.454103 2.338707
 405.000000 -0.009243 1.290585 1.281342 2.345803
 406.000000 1.813739 1.009263 2.823002 2.888945
 407.000000 -0.159960 1.385011 1.225051 2.409581
 408.000000 2.388266 0.987355 3.375620 3.246735
 409.000000 3.475376 1.009620 4.484996 3.832887
 410.000000 2.980739 1.001507 3.982246 3.615629
 411.000000 3.645593 0.987122 4.632715 3.915697
 412.000000 3.739130 0.994156 4.733287 3.972339
 413.000000 0.991387 1.011933 2.003320 2.437725
 414.000000 1.198775 1.027109 2.225884 2.626230
 415.000000 -0.086767 1.361391 1.274623 2.355519
 416.000000 -1.814617 2.765264 0.950647 2.982977
 417.000000 2.863550 0.996488 3.860039 3.601003
 418.000000 2.323086 0.995903 3.318988 3.291656
 419.000000 2.428041 1.059881 3.487922 3.427720
 420.000000 2.474292 1.033355 3.507647 3.468919
 421.000000 -1.706357 2.702470 0.996112 2.909091
 422.000000 1.954414 1.012289 2.966703 2.985107
 423.000000 1.298350 1.017440 2.315790 2.666592
 424.000000 1.235798 1.006737 2.242535 2.671890
 425.000000 0.009780 1.277011 1.286791 2.281420
 426.000000 1.448431 0.990730 2.439161 2.713830
 427.000000 -0.960321 1.996943 1.036622 2.603441
 428.000000 0.091367 1.265910 1.357277 2.365025
 429.000000 0.428703 1.140629 1.569332 2.329500
 430.000000 0.918583 1.058445 1.977028 2.489903
 431.000000 1.322773 0.993544 2.316318 2.692994
 432.000000 -1.596041 2.581014 0.984974 2.888277
 433.000000 -1.037702 2.051247 1.013545 2.583289
 434.000000 -0.018653 1.369864 1.351211 2.460625
 435.000000 -2.230114 3.219462 0.989348 3.254079
 436.000000 0.950274 1.067179 2.017453 2.577686
 437.000000 -1.146429 2.138844 0.992415 2.684217
 438.000000 -1.732004 2.746207 1.014204 2.977658
 439.000000 0.309722 1.165859 1.475581 2.340628
 440.000000 0.282373 1.208837 1.491210 2.353139
 441.000000 -0.365273 1.443282 1.078009 2.342462
 442.000000 0.897096 1.016896 1.913993 2.475850
 443.000000 -1.787636 2.774791 0.987155 2.982409
 444.000000 -1.709362 2.733442 1.024080 3.015384
 445.000000 -0.402751 1.538394 1.135643 2.325663
 446.000000 0.521352 1.094821 1.616172 2.402557
 447.000000 2.578404 0.984758 3.563161 3.403923
 448.000000 2.668113 0.991399 3.659512 3.426000
 449.000000 3.396901 1.010659 4.407560 3.760599
 450.000000 3.334503 0.976040 4.310543 3.806074
 451.000000 3.723987 1.008739 4.732725 3.947235
 452.000000 3.595447 0.997988 4.593435 3.955908
 453.000000 3.449048 0.982903 4.431951 3.768321
 454.000000 3.228485 1.034954 4.263439 3.794015
 455.000000 3.140071 1.047014 4.187086 3.655779
 456.000000 3.502228 0.992073 4.494302 3.750468
 457.000000 3.210661 1.005390 4.216051 3.659168
 458.000000 3.303153 1.018733 4.321886 3.796825
 459.000000 -0.912064 1.943928 1.031864 2.570836
 460.000000 0.630654 1.092690 1.723344 2.477715
 461.000000 -0.966018 1.961338 0.995320 2.553947
 462.000000 0.179422 1.218002 1.397424 2.350077
 463.000000 -2.157379 3.152183 0.994804 3.155632
 464.000000 0.966834 1.043814 2.010648 2.523673
 465.000000 1.303073 1.042543 2.345616 2.605091
 466.000000 2.147090 1.044773 3.191863 2.995165
 467.000000 -0.361503 1.536414 1.174911 2.412021
 468.000000 -0.601241 1.679707 1.078466 2.467899
 469.000000 2.033281 0.994093 3.027374 3.084160
 470.000000 -0.241043 1.480728 1.239685 2.418102
 471.000000 -1.586433 2.578467 0.992033 2.857739
 472.000000 1.523458 0.993919 2.517377 2.788994
 473.000000 1.152761 0.988190 2.140952 2.575394
 474.000000 -0.118887 1.349577 1.230690 2.319671
 475.000000 -1.094338 2.158695 1.064358 2.737179
 476.000000 1.432945 1.000252 2.433196 2.691521
 477.000000 0.775860 1.061664 1.837524 2.475012
 478.000000 2.035150 0.990985 3.026135 2.994170
 479.000000 0.743493 1.058973 1.802466 2.503785
 480.000000 1.769311 0.951969 2.721281 2.900333
 481.000000 -0.204965 1.420142 1.215177 2.359342
 482.000000 -0.466320 1.576077 1.109758 2.388228
 483.000000 0.199250 1.208420 1.407670 2.362998
 484.000000 -1.902116 2.920521 1.018406 3.052050
 485.000000 3.213716 1.017619 4.231335 3.678933
 486.000000 3.700993 0.981207 4.682201 3.917427
 487.000000 -0.761010 1.796975 1.035965 2.490897
 488.000000 2.398580 1.021922 3.420501 3.311676
 489.000000 0.383675 1.148047 1.531722 2.406247
 490.000000 0.028444 1.345171 1.373616 2.414676
 491.000000 -0.591615 1.737726 1.146111 2.515344
 492.000000 0.939678 1.027311 1.966989 2.417030
 493.000000 -0.406301 1.511991 1.105690 2.378353
 494.000000 -0.149709 1.385673 1.235965 2.357713
 495.000000 2.529548 1.034422 3.563970 3.414213
 496.000000 2.909660 0.992761 3.902420 3.477770
 497.000000 -0.255301 1.420239 1.164938 2.351398
 498.000000 3.644637 0.977568 4.622206 3.929855
 499.000000 2.752165 1.032762 3.784927 3.464897
 500.000000 0.644618 1.057307 1.701924 2.398408
 501.000000 1.355710 0.978346 2.334057 2.692724
 502.000000 1.904244 1.002503 2.906748 2.961282
 503.000000 -1.400728 2.450823 1.050095 2.897515
 504.000000 -2.095978 3.092372 0.996394 3.172902
 505.000000 -1.288520 2.314692 1.026172 2.818794
 506.000000 -0.701768 1.741302 1.039534 2.489700
 507.000000 0.583307 1.131526 1.714833 2.424597
 508.000000 1.849144 1.026880 2.876024 3.047159
 509.000000 1.896398 1.018819 2.915217 2.965894
 510.000000 2.066819 1.003187 3.070005 2.986947
 511.000000 2.986008 1.005637 3.991645 3.681040
 512.000000 3.373412 1.010817 4.384228 3.827396
 513.000000 2.569011 1.040571 3.609582 3.353884
 514.000000 -1.177525 2.222089 1.044564 2.691791
 515.000000 0.754828 1.062358 1.817186 2.452377
 516.000000 3.085256 1.000169 4.085425 3.636907
 517.000000 0.682994 1.119169 1.802163 2.447910
 518.000000 -1.064510 2.065906 1.001396 2.649675
 519.000000 0.522272 1.110767 1.633039 2.355727
 520.000000 2.917786 1.036698 3.954484 3.537631
 521.000000 3.570390 1.018370 4.588760 3.871825
 522.000000 3.652498 1.007406 4.659904 3.894619
 523.000000 3.759508 1.012997 4.772505 4.028297
 524.000000 3.467109 1.019051 4.486160 3.742409
 525.000000 3.666278 0.990412 4.656690 3.949896
 526.000000 2.228210 0.998461 3.226671 3.174109
 527.000000 -2.062577 3.038231 0.975654 3.068190
 528.000000 2.216675 0.966449 3.183124 3.183599
 529.000000 1.982100 1.004661 2.986761 3.090815
 530.000000 1.314873 1.028297 2.343170 2.669445
 531.000000 0.082895 1.288428 1.371323 2.339857
 532.000000 -2.007002 3.035481 1.028479 3.148052
 533.000000 -2.016918 2.993598 0.976680 3.166041
 534.000000 0.358359 1.141278 1.499638 2.368726
 535.000000 2.341702 0.973182 3.314884 3.266509
 536.000000 -0.507631 1.612707 1.105076 2.460664
 537.000000 -1.052688 2.039558 0.986870 2.576503
 538.000000 -0.231557 1.438883 1.207326 2.401328
 539.000000 0.623989 1.011895 1.635884 2.358536
 540.000000 -0.943525 1.962501 1.018976 2.499984
 541.000000 -0.230622 1.460301 1.229679 2.389718
 542.000000 -0.666381 1.762590 1.096209 2.511860
 543.000000 1.309599 1.003259 2.312858 2.719646
 544.000000 -2.188857 3.211511 1.022653 3.230878
 545.000000 2.537760 1.003445 3.541204 3.381001
 546.000000 -0.761536 1.786462 1.024926 2.462576
 547.000000 -0.247908 1.436471 1.188563 2.378468
 548.000000 0.100906 1.199269 1.300175 2.277036
 549.000000 0.027542 1.299471 1.327012 2.340482
 550.000000 3.332925 0.953495 4.286421 3.778791
 551.000000 -0.449756 1.522291 1.072535 2.379067
 552.000000 1.469210 0.989393 2.458603 2.704689
 553.000000 1.058141 0.988489 2.046630 2.507048
 554.000000 0.036650 1.298577 1.335227 2.331559
 555.000000 -1.074030 2.114020 1.039990 2.505953
 556.000000 1.132230 1.001888 2.134118 2.640665
 557.000000 1.799794 0.978302 2.778096 2.909985
 558.000000 1.913638 1.026938 2.940576 3.053200
 559.000000 1.602342 1.009786 2.612128 2.881157
 560.000000 0.932677 0.988724 1.921401 2.595170
 561.000000 1.512590 0.994063 2.506653 2.730104
 562.000000 2.601818 1.013669 3.615487 3.436073
 563.000000 3.707532 0.995139 4.702671 3.977486
 564.000000 2.811417 1.037425 3.848842 3.584167
 565.000000 3.443603 0.977677 4.421280 3.787194
 566.000000 2.881095 1.029549 3.910644 3.544817
 567.000000 2.915191 1.023288 3.938478 3.665348
 568.000000 2.463910 1.021908 3.485818 3.321782
 569.000000 0.903893 1.053919 1.957812 2.566233
 570.000000 1.738383 1.004845 2.743228 2.825873
 571.000000 1.337055 0.975010 2.312065 2.695425
 572.000000 2.324026 0.941889 3.265916 3.262194
 573.000000 2.112117 0.988843 3.100960 3.119788
 574.000000 1.926934 0.996661 2.923594 3.110196
 575.000000 -0.980731 1.993840 1.013109 2.571734
 576.000000 1.583843 0.990589 2.574432 2.843896
 577.000000 2.397249 1.012654 3.409903 3.261750
 578.000000 2.400395 0.992815 3.393210 3.208888
 579.000000 2.116841 1.001900 3.118741 3.093910
 580.000000 -1.533801 2.526720 0.992919 2.852368
 581.000000 -2.054740 3.081812 1.027071 3.180189
 582.000000 1.266305 0.990486 2.256791 2.703899
 583.000000 -0.344099 1.523209 1.179110 2.452954
 584.000000 2.285937 0.982814 3.268751 3.310962
 585.000000 -1.802721 2.818552 1.015831 3.000458
 586.000000 -1.984025 2.928543 0.944519 3.091548
 587.000000 1.492283 1.002446 2.494729 2.684449
 588.000000 -1.985116 2.976363 0.991247 3.096099
 589.000000 0.606908 1.096564 1.703472 2.396825
 590.000000 1.363790 1.036568 2.400358 2.699741
 591.000000 -2.014744 3.004536 0.989793 3.143647
 592.000000 -1.272019 2.278527 1.006508 2.700083
 593.000000 1.828555 0.985348 2.813902 2.854412
 594.000000 2.325741 1.011273 3.337014 3.286385
 595.000000 -2.036742 3.052518 1.015776 3.138028
 596.000000 0.513282 1.120102 1.633384 2.464239
 597.000000 -2.155905 3.118485 0.962580 3.205626
 598.000000 0.418813 1.125647 1.544460 2.402846
 599.000000 0.390962 1.172099 1.563060 2.438100
 600.000000 1.651690 1.044877 2.696567 2.900321
 601.000000 -1.814897 2.818762 1.003865 3.108561
 602.000000 -0.193468 1.418780 1.225312 2.374181
 603.000000 1.063747 1.009068 2.072815 2.567171
 604.000000 -1.967728 2.896019 0.928291 3.070760
 605.000000 2.416339 1.049405 3.465745 3.336355
 606.000000 0.027687 1.266057 1.293745 2.327637
 607.000000 -0.779103 1.812444 1.033340 2.524302
 608.000000 0.070369 1.268748 1.339117 2.363394
 609.000000 3.508892 0.994179 4.503071 3.860140
 610.000000 2.891851 1.015034 3.906885 3.558343
 611.000000 3.198791 1.005521 4.204312 3.743536
 612.000000 3.707563 0.974706 4.682269 3.996586
 613.000000 3.521480 0.966375 4.487855 3.894494
 614.000000 -0.332978 1.504074 1.171096 2.361130
 615.000000 -1.564509 2.526118 0.961609 2.929872
 616.000000 -1.594818 2.614603 1.019785 3.002352
 617.000000 -1.177070 2.195376 1.018307 2.656147
 618.000000 2.965579 0.997510 3.963089 3.618316
 619.000000 2.945006 0.998410 3.943416 3.639708
 620.000000 3.229985 0.992765 4.222750 3.707096
 621.000000 2.957086 0.975412 3.932498 3.609137
 622.000000 2.901232 1.036323 3.937555 3.573332
 623.000000 3.575601 0.999213 4.574815 3.884185
 624.000000 1.765451 1.006902 2.772353 2.892277
 625.000000 -0.825417 1.885249 1.059832 2.564546
 626.000000 -0.995057 2.037895 1.042838 2.617131
 627.000000 -1.849393 2.857579 1.008186 3.081430
 628.000000 0.501164 1.115290 1.616454 2.367320
 629.000000 -1.581105 2.589861 1.008756 2.885681
 630.000000 0.038210 1.274007 1.312217 2.320332
 631.000000 -2.026709 3.006543 0.979834 3.171916
 632.000000 3.575762 0.986274 4.562036 3.849441
 633.000000 -1.134738 2.192473 1.057735 2.709670
 634.000000 1.292249 1.006397 2.298646 2.689767
 635.000000 -0.270552 1.479649 1.209098 2.379023
 636.000000 2.151669 1.007765 3.159434 3.091875
 637.000000 1.809367 0.997881 2.807247 2.920592
 638.000000 -0.886599 1.916441 1.029842 2.533785
 639.000000 0.873357 1.077949 1.951307 2.501823
 640.000000 -1.541288 2.525087 0.983799 2.902598
 641.000000 1.602520 0.980772 2.583292 2.827030
 642.000000 -0.947817 1.970344 1.022527 2.615645
 643.000000 -0.591451 1.666255 1.074804 2.411077
 644.000000 1.721642 1.003541 2.725183 2.891242
 645.000000 -0.409972 1.593877 1.183905 2.448643
 646.000000 0.618454 1.076682 1.695136 2.427223
 647.000000 -1.680875 2.661221 0.980346 2.886074
 648.000000 2.069497 0.982124 3.051622 2.976488
 649.000000 3.099359 1.040035 4.139394 3.616933
 650.000000 -0.594335 1.716464 1.122130 2.529728
 651.000000 -1.929666 2.937960 1.008294 3.071894
 652.000000 -0.848801 1.887721 1.038920 2.518624
 653.000000 -2.174054 3.165120 0.991066 3.167819
 654.000000 -1.330995 2.316864 0.985869 2.755184
 655.000000 -1.937104 2.950761 1.013657 3.113354
 656.000000 -1.115838 2.130887 1.015049 2.655407
 657.000000 -0.226856 1.436119 1.209263 2.349734
 658.000000 -2.018885 2.982235 0.963350 3.053500
 659.000000 -0.143626 1.392502 1.248877 2.394311
 660.000000 -1.902727 2.884973 0.982246 2.993958
 661.000000 -2.036513 3.037726 1.001212 3.131518
 662.000000 2.282932 0.999177 3.282109 3.234298
 663.000000 -0.542979 1.656138 1.113159 2.456824
 664.000000 1.241180 1.007172 2.248352 2.638789
 665.000000 -1.598433 2.595494 0.997061 2.965212
 666.000000 1.298721 1.017036 2.315757 2.709488
 667.000000 -0.471203 1.551133 1.079930 2.382242
 668.000000 2.165063 0.998148 3.163211 3.138783
 669.000000 0.225420 1.215919 1.441338 2.397917
 670.000000 -1.515321 2.518002 1.002680 2.788405
 671.000000 3.463633 0.996226 4.459859 3.818159
 672.000000 3.506476 0.984363 4.490839 3.813705
 673.000000 3.391458 0.997129 4.388587 3.803192
 674.000000 3.333992 0.994726 4.328717 3.784724
 675.000000 3.721942 0.986909 4.708851 3.992590
 676.000000 3.728575 0.995888 4.724462 3.983408
 677.000000 3.478650 0.992714 4.471364 3.789364
 678.000000 3.573305 1.005887 4.579192 3.859968
 679.000000 2.566287 1.047555 3.613842 3.390822
 680.000000 3.155323 1.021878 4.177201 3.729263
 681.000000 1.472135 1.006565 2.478700 2.772379
 682.000000 -0.824221 1.863400 1.039179 2.542752
 683.000000 2.306271 1.004600 3.310870 3.139465
 684.000000 2.772813 1.004168 3.776981 3.565698
 685.000000 3.586276 0.980441 4.566717 3.892811
 686.000000 3.746354 1.003861 4.750214 4.042384
 687.000000 0.477309 1.136738 1.614048 2.411030
 688.000000 -1.566506 2.585670 1.019164 2.890859
 689.000000 1.413128 1.030206 2.443334 2.735842
 690.000000 3.736722 0.998051 4.734773 4.015634
 691.000000 -1.085306 2.134053 1.048747 2.661195
 692.000000 -1.593991 2.577883 0.983891 2.893009
 693.000000 -1.273560 2.251718 0.978159 2.601964
 694.000000 -1.318416 2.376659 1.058243 2.755936
 695.000000 1.800619 1.038184 2.838803 3.030720
 696.000000 2.348752 1.000647 3.349399 3.252458
 697.000000 1.454702 0.971727 2.426429 2.712799
 698.000000 -1.302921 2.327362 1.024441 2.687921
 699.000000 2.273015 1.044768 3.317783 3.218848
 700.000000 2.190316 0.994304 3.184619 3.213604
 701.000000 -0.168501 1.420516 1.252016 2.390914
 702.000000 0.904466 1.061299 1.965765 2.489058
 703.000000 -1.458432 2.433783 0.975351 2.765601
 704.000000 0.006935 1.290281 1.297216 2.329293
 705.000000 0.207201 1.212664 1.419865 2.354037
 706.000000 2.790132 0.990447 3.780580 3.550696
 707.000000 0.829421 1.006250 1.835672 2.450024
 708.000000 0.105475 1.216173 1.321648 2.328443
 709.000000 0.325456 1.184628 1.510084 2.351802
 710.000000 0.245002 1.180148 1.425150 2.303881
 711.000000 -1.628476 2.641147 1.012670 2.915757
 712.000000 -0.669078 1.774289 1.105211 2.534140
 713.000000 -0.216451 1.398489 1.182039 2.316358
 714.000000 -0.738970 1.762696 1.023726 2.483965
 715.000000 -1.844501 2.830399 0.985898 3.088364
 716.000000 2.693974 0.975339 3.669313 3.470371
 717.000000 3.257384 0.973281 4.230665 3.755313
 718.000000 2.820333 1.041144 3.861477 3.526619
 719.000000 3.029479 0.970937 4.000416 3.576898
 720.000000 3.644224 0.962485 4.606709 3.935079
 721.000000 0.479611 1.142975 1.622586 2.421925
 722.000000 2.045623 1.034119 3.079742 3.049284
 723.000000 1.656669 0.997319 2.653989 2.843610
 724.000000 2.032780 0.995777 3.028558 3.019837
 725.000000 -1.507764 2.492940 0.985176 2.830108
 726.000000 0.482236 1.125770 1.608006 2.420932
 727.000000 1.025607 1.028964 2.054572 2.479100
 728.000000 -1.820557 2.802136 0.981579 2.988367
 729.000000 -1.733880 2.733594 0.999714 2.957149
 730.000000 0.693728 1.080992 1.774720 2.419486
 731.000000 -1.729382 2.706669 0.977287 2.974492
 732.000000 -1.451986 2.492403 1.040417 2.840501
 733.000000 1.497055 1.016326 2.513381 2.816838
 734.000000 -1.907067 2.939628 1.032561 3.158075
 735.000000 -2.028077 3.029687 1.001610 3.084215
 736.000000 3.135150 0.996950 4.132100 3.712110
 737.000000 3.014635 1.003244 4.017880 3.649156
 738.000000 3.172215 0.994917 4.167132 3.702423
 739.000000 3.429710 0.996175 4.425885 3.779524
 740.000000 1.601987 1.010456 2.612443 2.722217
 741.000000 1.519847 0.999731 2.519578 2.810800
 742.000000 1.804483 1.008794 2.813277 2.869437
 743.000000 1.775650 1.011489 2.787139 2.880926
 744.000000 2.186633 0.985099 3.171733 3.159178
 745.000000 -0.129675 1.374535 1.244861 2.333187
 746.000000 1.814343 0.974824 2.789166 2.959265
 747.000000 -0.616395 1.701939 1.085544 2.480465
 748.000000 0.456144 1.101574 1.557718 2.374934
 749.000000 0.698007 1.080745 1.778751 2.438756
 750.000000 -2.011036 2.969120 0.958084 3.023058
 751.000000 -0.669431 1.745922 1.076492 2.483575
 752.000000 -0.791670 1.839137 1.047467 2.477827
 753.000000 3.567757 0.995177 4.562934 3.870103
 754.000000 2.693768 0.995405 3.689173 3.566051
 755.000000 -0.317464 1.489862 1.172398 2.407541
 756.000000 -0.562802 1.685065 1.122263 2.456997
 757.000000 0.292825 1.182037 1.474862 2.346123
 758.000000 2.432713 0.978961 3.411674 3.385757
 759.000000 1.442558 1.024497 2.467055 2.727004
 760.000000 -1.860337 2.838280 0.977942 3.066580
 761.000000 0.532001 1.110083 1.642084 2.376279
 762.000000 1.557608 1.006873 2.564481 2.730801
 763.000000 -1.245065 2.266433 1.021368 2.669359
 764.000000 -0.332046 1.496450 1.164405 2.417571
 765.000000 -0.071884 1.326439 1.254556 2.325500
 766.000000 0.607417 1.093553 1.700969 2.429797
 767.000000 -0.559837 1.677355 1.117517 2.421959
 768.000000 -0.056799 1.305051 1.248252 2.321279
 769.000000 -0.752176 1.815556 1.063380 2.504616
 770.000000 -0.801541 1.873088 1.071547 2.547568
 771.000000 0.844526 1.056744 1.901271 2.490578
 772.000000 1.809738 1.002156 2.811894 2.993579
 773.000000 1.972089 0.997129 2.969218 3.013919
 774.000000 -0.220487 1.471009 1.250522 2.454956
 775.000000 1.937584 0.980605 2.918188 3.014584
 776.000000 -1.253707 2.235792 0.982085 2.672585
 777.000000 1.275010 1.033533 2.308544 2.693900
 778.000000 -0.812313 1.871022 1.058708 2.549019
 779.000000 2.032455 1.017950 3.050405 3.162205
 780.000000 -1.579559 2.590174 1.010615 2.915188
 781.000000 -0.578643 1.649502 1.070859 2.485674
 782.000000 2.351268 0.962853 3.314121 3.160119
 783.000000 0.554496 1.081377 1.635874 2.385646
 784.000000 2.673098 1.008580 3.681678 3.479512
 785.000000 2.790946 1.020292 3.811238 3.576861
 786.000000 3.310168 0.982719 4.292886 3.686049
 787.000000 2.133938 1.032651 3.166588 3.198604
 788.000000 -2.154254 3.136603 0.982349 3.174870
 789.000000 0.437361 1.142172 1.579533 2.390964
 790.000000 0.199443 1.217787 1.417231 2.365678
 791.000000 1.627960 1.033327 2.661287 2.918226
 792.000000 1.397237 0.991019 2.388256 2.639672
 793.000000 1.616015 1.007291 2.623307 2.769701
 794.000000 2.107486 0.988696 3.096182 3.084125
 795.000000 -2.048156 3.006032 0.957875 3.071493
 796.000000 0.996790 1.038514 2.035304 2.535416
 797.000000 1.232064 1.044448 2.276511 2.592131
 798.000000 0.220810 1.166660 1.387469 2.324498
 799.000000 -0.201298 1.409736 1.208438 2.355122
 800.000000 0.282115 1.167439 1.449554 2.329331
 801.000000 0.527398 1.118734 1.646133 2.426465
 802.000000 1.289979 0.996042 2.286021 2.647416
 803.000000 0.468563 1.108399 1.576962 2.446570
 804.000000 1.990420 0.994861 2.985281 2.994340
 805.000000 1.202437 0.985784 2.188221 2.602302
 806.000000 -0.164944 1.376456 1.211512 2.394115
 807.000000 1.664120 0.984635 2.648755 2.860819
 808.000000 0.810499 1.077458 1.887957 2.469802
 809.000000 2.331656 1.025668 3.357324 3.206925
 810.000000 -1.043477 2.058433 1.014956 2.578368
 811.000000 -0.924637 1.951466 1.026829 2.526956
 812.000000 -1.690484 2.680414 0.989930 2.885473
